[-0.21247538 -0.2124721  -0.21246883 -0.21246555 -0.21246228 -0.21245901
 -0.21245573 -0.21245246 -0.21244918 -0.21244591 -0.21244264 -0.21243936
 -0.21243609 -0.21243282 -0.21242955 -0.21242628 -0.212423   -0.21241973
 -0.21241646 -0.21241319 -0.21240992 -0.21240665 -0.21240338 -0.21240011
 -0.21239684 -0.21239357 -0.2123903  -0.21238703 -0.21238376 -0.2123805
 -0.21237723 -0.21237396 -0.21237069 -0.21236742 -0.21236416 -0.21236089
 -0.21235762 -0.21235436 -0.21235109 -0.21234782 -0.21234456 -0.21234129
 -0.21233803 -0.21233476 -0.2123315  -0.21232823 -0.21232497 -0.2123217
 -0.21231844 -0.21231518 -0.21231191 -0.21230865 -0.21230539 -0.21230213
 -0.21229886 -0.2122956  -0.21229234 -0.21228908 -0.21228582 -0.21228255
 -0.21227929 -0.21227603 -0.21227277 -0.21226951 -0.21226625 -0.21226299
 -0.21225973 -0.21225647 -0.21225322 -0.21224996 -0.2122467  -0.21224344
 -0.21224018 -0.21223692 -0.21223367 -0.21223041 -0.21222715 -0.2122239
 -0.21222064 -0.21221738 -0.21221413 -0.21221087 -0.21220762 -0.21220436
 -0.21220111 -0.21219785 -0.2121946  -0.21219134 -0.21218809 -0.21218483
 -0.21218158 -0.21217833 -0.21217507 -0.21217182 -0.21216857 -0.21216532
 -0.21216206 -0.21215881 -0.21215556 -0.21215231 -0.21214906 -0.21214581
 -0.21214256 -0.21213931 -0.21213606 -0.21213281 -0.21212956 -0.21212631
 -0.21212306 -0.21211981 -0.21211656 -0.21211331 -0.21211006 -0.21210681
 -0.21210357 -0.21210032 -0.21209707 -0.21209382 -0.21209058 -0.21208733
 -0.21208409 -0.21208084 -0.21207759 -0.21207435 -0.2120711  -0.21206786
 -0.21206461 -0.21206137 -0.21205812 -0.21205488 -0.21205164 -0.21204839
 -0.21204515 -0.21204191 -0.21203866 -0.21203542 -0.21203218 -0.21202894
 -0.21202569 -0.21202245 -0.21201921 -0.21201597 -0.21201273 -0.21200949
 -0.21200625 -0.21200301 -0.21199977 -0.21199653 -0.21199329 -0.21199005
 -0.21198681 -0.21198357 -0.21198033 -0.21197709 -0.21197386 -0.21197062
 -0.21196738 -0.21196414 -0.21196091 -0.21195767 -0.21195443 -0.2119512
 -0.21194796 -0.21194472 -0.21194149 -0.21193825 -0.21193502 -0.21193178
 -0.21192855 -0.21192531 -0.21192208 -0.21191885 -0.21191561 -0.21191238
 -0.21190915 -0.21190591 -0.21190268 -0.21189945 -0.21189622 -0.21189298
 -0.21188975 -0.21188652 -0.21188329 -0.21188006 -0.21187683 -0.2118736
 -0.21187037 -0.21186714 -0.21186391 -0.21186068 -0.21185745 -0.21185422
 -0.21185099 -0.21184776 -0.21184453 -0.2118413  -0.21183808 -0.21183485
 -0.21183162 -0.21182839 -0.21182517 -0.21182194 -0.21181871 -0.21181549
 -0.21181226 -0.21180904 -0.21180581 -0.21180259 -0.21179936 -0.21179614
 -0.21179291 -0.21178969 -0.21178646 -0.21178324 -0.21178002 -0.21177679
 -0.21177357 -0.21177035 -0.21176712 -0.2117639  -0.21176068 -0.21175746
 -0.21175424 -0.21175102 -0.21174779 -0.21174457 -0.21174135 -0.21173813
 -0.21173491 -0.21173169 -0.21172847 -0.21172525 -0.21172203 -0.21171882
 -0.2117156  -0.21171238 -0.21170916 -0.21170594 -0.21170272 -0.21169951
 -0.21169629 -0.21169307 -0.21168986 -0.21168664 -0.21168342 -0.21168021
 -0.21167699 -0.21167378 -0.21167056 -0.21166735 -0.21166413 -0.21166092
 -0.2116577  -0.21165449 -0.21165127 -0.21164806 -0.21164485 -0.21164163
 -0.21163842 -0.21163521 -0.211632   -0.21162878 -0.21162557 -0.21162236
 -0.21161915 -0.21161594 -0.21161273 -0.21160952 -0.21160631 -0.2116031
 -0.21159989 -0.21159668 -0.21159347 -0.21159026 -0.21158705 -0.21158384
 -0.21158063 -0.21157742 -0.21157421 -0.21157101 -0.2115678  -0.21156459
 -0.21156139 -0.21155818 -0.21155497 -0.21155177 -0.21154856 -0.21154535
 -0.21154215 -0.21153894 -0.21153574 -0.21153253 -0.21152933 -0.21152612
 -0.21152292 -0.21151972 -0.21151651 -0.21151331 -0.2115101  -0.2115069
 -0.2115037  -0.2115005  -0.21149729 -0.21149409 -0.21149089 -0.21148769
 -0.21148449 -0.21148129 -0.21147809 -0.21147489 -0.21147169 -0.21146849
 -0.21146529 -0.21146209 -0.21145889 -0.21145569 -0.21145249 -0.21144929
 -0.21144609 -0.21144289 -0.2114397  -0.2114365  -0.2114333  -0.2114301
 -0.21142691 -0.21142371 -0.21142051 -0.21141732 -0.21141412 -0.21141092
 -0.21140773 -0.21140453 -0.21140134 -0.21139814 -0.21139495 -0.21139176
 -0.21138856 -0.21138537 -0.21138217 -0.21137898 -0.21137579 -0.21137259
 -0.2113694  -0.21136621 -0.21136302 -0.21135983 -0.21135663 -0.21135344
 -0.21135025 -0.21134706 -0.21134387 -0.21134068 -0.21133749 -0.2113343
 -0.21133111 -0.21132792 -0.21132473 -0.21132154 -0.21131835 -0.21131516
 -0.21131198 -0.21130879 -0.2113056  -0.21130241 -0.21129923 -0.21129604
 -0.21129285 -0.21128967 -0.21128648 -0.21128329 -0.21128011 -0.21127692
 -0.21127374 -0.21127055 -0.21126737 -0.21126418 -0.211261   -0.21125781
 -0.21125463 -0.21125144 -0.21124826 -0.21124508 -0.2112419  -0.21123871
 -0.21123553 -0.21123235 -0.21122917 -0.21122598 -0.2112228  -0.21121962
 -0.21121644 -0.21121326 -0.21121008 -0.2112069  -0.21120372 -0.21120054
 -0.21119736 -0.21119418 -0.211191   -0.21118782 -0.21118464 -0.21118146
 -0.21117829 -0.21117511 -0.21117193 -0.21116875 -0.21116558 -0.2111624
 -0.21115922 -0.21115605 -0.21115287 -0.21114969 -0.21114652 -0.21114334
 -0.21114017 -0.21113699 -0.21113382 -0.21113064 -0.21112747 -0.21112429
 -0.21112112 -0.21111795 -0.21111477 -0.2111116  -0.21110843 -0.21110525
 -0.21110208 -0.21109891 -0.21109574 -0.21109257 -0.21108939 -0.21108622
 -0.21108305 -0.21107988 -0.21107671 -0.21107354 -0.21107037 -0.2110672
 -0.21106403 -0.21106086 -0.21105769 -0.21105452 -0.21105136 -0.21104819
 -0.21104502 -0.21104185 -0.21103868 -0.21103552 -0.21103235 -0.21102918
 -0.21102602 -0.21102285 -0.21101968 -0.21101652 -0.21101335 -0.21101019
 -0.21100702 -0.21100386 -0.21100069 -0.21099753 -0.21099436 -0.2109912
 -0.21098803 -0.21098487 -0.21098171 -0.21097854 -0.21097538 -0.21097222
 -0.21096906 -0.21096589 -0.21096273 -0.21095957 -0.21095641 -0.21095325
 -0.21095009 -0.21094693 -0.21094377 -0.21094061 -0.21093745 -0.21093429
 -0.21093113 -0.21092797 -0.21092481 -0.21092165 -0.21091849 -0.21091533
 -0.21091217 -0.21090902 -0.21090586 -0.2109027  -0.21089954 -0.21089639
 -0.21089323 -0.21089007 -0.21088692 -0.21088376 -0.21088061 -0.21087745
 -0.2108743  -0.21087114 -0.21086799 -0.21086483 -0.21086168 -0.21085852
 -0.21085537 -0.21085222 -0.21084906 -0.21084591 -0.21084276 -0.21083961
 -0.21083645 -0.2108333  -0.21083015 -0.210827   -0.21082385 -0.2108207
 -0.21081754 -0.21081439 -0.21081124 -0.21080809 -0.21080494 -0.21080179
 -0.21079864 -0.21079549 -0.21079235 -0.2107892  -0.21078605 -0.2107829
 -0.21077975 -0.2107766  -0.21077346 -0.21077031 -0.21076716 -0.21076402
 -0.21076087 -0.21075772 -0.21075458 -0.21075143 -0.21074829 -0.21074514
 -0.21074199 -0.21073885 -0.21073571 -0.21073256 -0.21072942 -0.21072627
 -0.21072313 -0.21071999 -0.21071684 -0.2107137  -0.21071056 -0.21070741
 -0.21070427 -0.21070113 -0.21069799 -0.21069485 -0.21069171 -0.21068856
 -0.21068542 -0.21068228 -0.21067914 -0.210676   -0.21067286 -0.21066972
 -0.21066658 -0.21066344 -0.2106603  -0.21065717 -0.21065403 -0.21065089
 -0.21064775 -0.21064461 -0.21064148 -0.21063834 -0.2106352  -0.21063207
 -0.21062893 -0.21062579 -0.21062266 -0.21061952 -0.21061638 -0.21061325
 -0.21061011 -0.21060698 -0.21060384 -0.21060071 -0.21059758 -0.21059444
 -0.21059131 -0.21058817 -0.21058504 -0.21058191 -0.21057878 -0.21057564
 -0.21057251 -0.21056938 -0.21056625 -0.21056312 -0.21055998 -0.21055685
 -0.21055372 -0.21055059 -0.21054746 -0.21054433 -0.2105412  -0.21053807
 -0.21053494 -0.21053181 -0.21052868 -0.21052556 -0.21052243 -0.2105193
 -0.21051617 -0.21051304 -0.21050992 -0.21050679 -0.21050366 -0.21050053
 -0.21049741 -0.21049428 -0.21049116 -0.21048803 -0.2104849  -0.21048178
 -0.21047865 -0.21047553 -0.2104724  -0.21046928 -0.21046616 -0.21046303
 -0.21045991 -0.21045678 -0.21045366 -0.21045054 -0.21044742 -0.21044429
 -0.21044117 -0.21043805 -0.21043493 -0.21043181 -0.21042868 -0.21042556
 -0.21042244 -0.21041932 -0.2104162  -0.21041308 -0.21040996 -0.21040684
 -0.21040372 -0.2104006  -0.21039748 -0.21039437 -0.21039125 -0.21038813
 -0.21038501 -0.21038189 -0.21037878 -0.21037566 -0.21037254 -0.21036942
 -0.21036631 -0.21036319 -0.21036007 -0.21035696 -0.21035384 -0.21035073
 -0.21034761 -0.2103445  -0.21034138 -0.21033827 -0.21033515 -0.21033204
 -0.21032893 -0.21032581 -0.2103227  -0.21031959 -0.21031647 -0.21031336
 -0.21031025 -0.21030714 -0.21030403 -0.21030091 -0.2102978  -0.21029469
 -0.21029158 -0.21028847 -0.21028536 -0.21028225 -0.21027914 -0.21027603
 -0.21027292 -0.21026981 -0.2102667  -0.21026359 -0.21026048 -0.21025738
 -0.21025427 -0.21025116 -0.21024805 -0.21024495 -0.21024184 -0.21023873
 -0.21023563 -0.21023252 -0.21022941 -0.21022631 -0.2102232  -0.2102201
 -0.21021699 -0.21021389 -0.21021078 -0.21020768 -0.21020457 -0.21020147
 -0.21019836 -0.21019526 -0.21019216 -0.21018905 -0.21018595 -0.21018285
 -0.21017975 -0.21017664 -0.21017354 -0.21017044 -0.21016734 -0.21016424
 -0.21016114 -0.21015804 -0.21015494 -0.21015184 -0.21014874 -0.21014564
 -0.21014254 -0.21013944 -0.21013634 -0.21013324 -0.21013014 -0.21012704
 -0.21012395 -0.21012085 -0.21011775 -0.21011465 -0.21011156 -0.21010846
 -0.21010536 -0.21010227 -0.21009917 -0.21009607 -0.21009298 -0.21008988
 -0.21008679 -0.21008369 -0.2100806  -0.2100775  -0.21007441 -0.21007131
 -0.21006822 -0.21006513 -0.21006203 -0.21005894 -0.21005585 -0.21005275
 -0.21004966 -0.21004657 -0.21004348 -0.21004039 -0.21003729 -0.2100342
 -0.21003111 -0.21002802 -0.21002493 -0.21002184 -0.21001875 -0.21001566
 -0.21001257 -0.21000948 -0.21000639 -0.2100033  -0.21000022 -0.20999713
 -0.20999404 -0.20999095 -0.20998786 -0.20998478 -0.20998169 -0.2099786
 -0.20997552 -0.20997243 -0.20996934 -0.20996626 -0.20996317 -0.20996008
 -0.209957   -0.20995391 -0.20995083 -0.20994775 -0.20994466 -0.20994158
 -0.20993849 -0.20993541 -0.20993233 -0.20992924 -0.20992616 -0.20992308
 -0.20991999 -0.20991691 -0.20991383 -0.20991075 -0.20990767 -0.20990459
 -0.2099015  -0.20989842 -0.20989534 -0.20989226 -0.20988918 -0.2098861
 -0.20988302 -0.20987994 -0.20987686 -0.20987379 -0.20987071 -0.20986763
 -0.20986455 -0.20986147 -0.20985839 -0.20985532 -0.20985224 -0.20984916
 -0.20984609 -0.20984301 -0.20983993 -0.20983686 -0.20983378 -0.2098307
 -0.20982763 -0.20982455 -0.20982148 -0.2098184  -0.20981533 -0.20981226
 -0.20980918 -0.20980611 -0.20980303 -0.20979996 -0.20979689 -0.20979382
 -0.20979074 -0.20978767 -0.2097846  -0.20978153 -0.20977845 -0.20977538
 -0.20977231 -0.20976924 -0.20976617 -0.2097631  -0.20976003 -0.20975696
 -0.20975389 -0.20975082 -0.20974775 -0.20974468 -0.20974161 -0.20973854
 -0.20973548 -0.20973241 -0.20972934 -0.20972627 -0.20972321 -0.20972014
 -0.20971707 -0.209714   -0.20971094 -0.20970787 -0.20970481 -0.20970174
 -0.20969867 -0.20969561 -0.20969254 -0.20968948 -0.20968641 -0.20968335
 -0.20968029 -0.20967722 -0.20967416 -0.2096711  -0.20966803 -0.20966497
 -0.20966191 -0.20965884 -0.20965578 -0.20965272 -0.20964966 -0.2096466
 -0.20964354 -0.20964047 -0.20963741 -0.20963435 -0.20963129 -0.20962823
 -0.20962517 -0.20962211 -0.20961905 -0.20961599 -0.20961294 -0.20960988
 -0.20960682 -0.20960376 -0.2096007  -0.20959764 -0.20959459 -0.20959153
 -0.20958847 -0.20958542 -0.20958236 -0.2095793  -0.20957625 -0.20957319
 -0.20957013 -0.20956708 -0.20956402 -0.20956097 -0.20955791 -0.20955486
 -0.20955181 -0.20954875 -0.2095457  -0.20954264 -0.20953959 -0.20953654
 -0.20953349 -0.20953043 -0.20952738 -0.20952433 -0.20952128 -0.20951822
 -0.20951517 -0.20951212 -0.20950907 -0.20950602 -0.20950297 -0.20949992
 -0.20949687 -0.20949382 -0.20949077 -0.20948772 -0.20948467 -0.20948162
 -0.20947857 -0.20947553 -0.20947248 -0.20946943 -0.20946638 -0.20946333
 -0.20946029 -0.20945724 -0.20945419 -0.20945115 -0.2094481  -0.20944505
 -0.20944201 -0.20943896 -0.20943592 -0.20943287 -0.20942983 -0.20942678
 -0.20942374 -0.2094207  -0.20941765 -0.20941461 -0.20941156 -0.20940852
 -0.20940548 -0.20940244 -0.20939939 -0.20939635 -0.20939331 -0.20939027
 -0.20938722 -0.20938418 -0.20938114 -0.2093781  -0.20937506 -0.20937202
 -0.20936898 -0.20936594 -0.2093629  -0.20935986 -0.20935682 -0.20935378
 -0.20935074 -0.20934771 -0.20934467 -0.20934163 -0.20933859 -0.20933555
 -0.20933252 -0.20932948 -0.20932644 -0.20932341]
111[0.0315689  0.03156885 0.0315688  0.03156875 0.03156869 0.03156864
 0.03156859 0.03156854 0.03156849 0.03156844 0.03156839 0.03156834
 0.03156829 0.03156824 0.03156819 0.03156814 0.03156809 0.03156803
 0.03156798 0.03156793 0.03156788 0.03156783 0.03156778 0.03156773
 0.03156768 0.03156763 0.03156758 0.03156753 0.03156748 0.03156742
 0.03156737 0.03156732 0.03156727 0.03156722 0.03156717 0.03156712
 0.03156707 0.03156702 0.03156697 0.03156691 0.03156686 0.03156681
 0.03156676 0.03156671 0.03156666 0.03156661 0.03156656 0.03156651
 0.03156645 0.0315664  0.03156635 0.0315663  0.03156625 0.0315662
 0.03156615 0.0315661  0.03156605 0.03156599 0.03156594 0.03156589
 0.03156584 0.03156579 0.03156574 0.03156569 0.03156564 0.03156558
 0.03156553 0.03156548 0.03156543 0.03156538 0.03156533 0.03156528
 0.03156522 0.03156517 0.03156512 0.03156507 0.03156502 0.03156497
 0.03156492 0.03156487 0.03156481 0.03156476 0.03156471 0.03156466
 0.03156461 0.03156456 0.0315645  0.03156445 0.0315644  0.03156435
 0.0315643  0.03156425 0.0315642  0.03156414 0.03156409 0.03156404
 0.03156399 0.03156394 0.03156389 0.03156383 0.03156378 0.03156373
 0.03156368 0.03156363 0.03156358 0.03156352 0.03156347 0.03156342
 0.03156337 0.03156332 0.03156327 0.03156321 0.03156316 0.03156311
 0.03156306 0.03156301 0.03156296 0.0315629  0.03156285 0.0315628
 0.03156275 0.0315627  0.03156264 0.03156259 0.03156254 0.03156249
 0.03156244 0.03156239 0.03156233 0.03156228 0.03156223 0.03156218
 0.03156213 0.03156207 0.03156202 0.03156197 0.03156192 0.03156187
 0.03156181 0.03156176 0.03156171 0.03156166 0.03156161 0.03156155
 0.0315615  0.03156145 0.0315614  0.03156135 0.03156129 0.03156124
 0.03156119 0.03156114 0.03156109 0.03156103 0.03156098 0.03156093
 0.03156088 0.03156082 0.03156077 0.03156072 0.03156067 0.03156062
 0.03156056 0.03156051 0.03156046 0.03156041 0.03156035 0.0315603
 0.03156025 0.0315602  0.03156015 0.03156009 0.03156004 0.03155999
 0.03155994 0.03155988 0.03155983 0.03155978 0.03155973 0.03155967
 0.03155962 0.03155957 0.03155952 0.03155946 0.03155941 0.03155936
 0.03155931 0.03155925 0.0315592  0.03155915 0.0315591  0.03155904
 0.03155899 0.03155894 0.03155889 0.03155883 0.03155878 0.03155873
 0.03155868 0.03155862 0.03155857 0.03155852 0.03155847 0.03155841
 0.03155836 0.03155831 0.03155826 0.0315582  0.03155815 0.0315581
 0.03155805 0.03155799 0.03155794 0.03155789 0.03155783 0.03155778
 0.03155773 0.03155768 0.03155762 0.03155757 0.03155752 0.03155747
 0.03155741 0.03155736 0.03155731 0.03155725 0.0315572  0.03155715
 0.0315571  0.03155704 0.03155699 0.03155694 0.03155688 0.03155683
 0.03155678 0.03155673 0.03155667 0.03155662 0.03155657 0.03155651
 0.03155646 0.03155641 0.03155635 0.0315563  0.03155625 0.0315562
 0.03155614 0.03155609 0.03155604 0.03155598 0.03155593 0.03155588
 0.03155582 0.03155577 0.03155572 0.03155566 0.03155561 0.03155556
 0.03155551 0.03155545 0.0315554  0.03155535 0.03155529 0.03155524
 0.03155519 0.03155513 0.03155508 0.03155503 0.03155497 0.03155492
 0.03155487 0.03155481 0.03155476 0.03155471 0.03155465 0.0315546
 0.03155455 0.03155449 0.03155444 0.03155439 0.03155433 0.03155428
 0.03155423 0.03155417 0.03155412 0.03155407 0.03155401 0.03155396
 0.03155391 0.03155385 0.0315538  0.03155375 0.03155369 0.03155364
 0.03155359 0.03155353 0.03155348 0.03155343 0.03155337 0.03155332
 0.03155326 0.03155321 0.03155316 0.0315531  0.03155305 0.031553
 0.03155294 0.03155289 0.03155284 0.03155278 0.03155273 0.03155268
 0.03155262 0.03155257 0.03155251 0.03155246 0.03155241 0.03155235
 0.0315523  0.03155225 0.03155219 0.03155214 0.03155208 0.03155203
 0.03155198 0.03155192 0.03155187 0.03155182 0.03155176 0.03155171
 0.03155165 0.0315516  0.03155155 0.03155149 0.03155144 0.03155138
 0.03155133 0.03155128 0.03155122 0.03155117 0.03155112 0.03155106
 0.03155101 0.03155095 0.0315509  0.03155085 0.03155079 0.03155074
 0.03155068 0.03155063 0.03155058 0.03155052 0.03155047 0.03155041
 0.03155036 0.03155031 0.03155025 0.0315502  0.03155014 0.03155009
 0.03155003 0.03154998 0.03154993 0.03154987 0.03154982 0.03154976
 0.03154971 0.03154966 0.0315496  0.03154955 0.03154949 0.03154944
 0.03154938 0.03154933 0.03154928 0.03154922 0.03154917 0.03154911
 0.03154906 0.031549   0.03154895 0.0315489  0.03154884 0.03154879
 0.03154873 0.03154868 0.03154862 0.03154857 0.03154852 0.03154846
 0.03154841 0.03154835 0.0315483  0.03154824 0.03154819 0.03154814
 0.03154808 0.03154803 0.03154797 0.03154792 0.03154786 0.03154781
 0.03154775 0.0315477  0.03154764 0.03154759 0.03154754 0.03154748
 0.03154743 0.03154737 0.03154732 0.03154726 0.03154721 0.03154715
 0.0315471  0.03154704 0.03154699 0.03154693 0.03154688 0.03154683
 0.03154677 0.03154672 0.03154666 0.03154661 0.03154655 0.0315465
 0.03154644 0.03154639 0.03154633 0.03154628 0.03154622 0.03154617
 0.03154611 0.03154606 0.031546   0.03154595 0.03154589 0.03154584
 0.03154579 0.03154573 0.03154568 0.03154562 0.03154557 0.03154551
 0.03154546 0.0315454  0.03154535 0.03154529 0.03154524 0.03154518
 0.03154513 0.03154507 0.03154502 0.03154496 0.03154491 0.03154485
 0.0315448  0.03154474 0.03154469 0.03154463 0.03154458 0.03154452
 0.03154447 0.03154441 0.03154436 0.0315443  0.03154425 0.03154419
 0.03154414 0.03154408 0.03154403 0.03154397 0.03154391 0.03154386
 0.0315438  0.03154375 0.03154369 0.03154364 0.03154358 0.03154353
 0.03154347 0.03154342 0.03154336 0.03154331 0.03154325 0.0315432
 0.03154314 0.03154309 0.03154303 0.03154298 0.03154292 0.03154287
 0.03154281 0.03154275 0.0315427  0.03154264 0.03154259 0.03154253
 0.03154248 0.03154242 0.03154237 0.03154231 0.03154226 0.0315422
 0.03154214 0.03154209 0.03154203 0.03154198 0.03154192 0.03154187
 0.03154181 0.03154176 0.0315417  0.03154165 0.03154159 0.03154153
 0.03154148 0.03154142 0.03154137 0.03154131 0.03154126 0.0315412
 0.03154115 0.03154109 0.03154103 0.03154098 0.03154092 0.03154087
 0.03154081 0.03154076 0.0315407  0.03154064 0.03154059 0.03154053
 0.03154048 0.03154042 0.03154037 0.03154031 0.03154025 0.0315402
 0.03154014 0.03154009 0.03154003 0.03153997 0.03153992 0.03153986
 0.03153981 0.03153975 0.0315397  0.03153964 0.03153958 0.03153953
 0.03153947 0.03153942 0.03153936 0.0315393  0.03153925 0.03153919
 0.03153914 0.03153908 0.03153902 0.03153897 0.03153891 0.03153886
 0.0315388  0.03153874 0.03153869 0.03153863 0.03153858 0.03153852
 0.03153846 0.03153841 0.03153835 0.0315383  0.03153824 0.03153818
 0.03153813 0.03153807 0.03153802 0.03153796 0.0315379  0.03153785
 0.03153779 0.03153773 0.03153768 0.03153762 0.03153757 0.03153751
 0.03153745 0.0315374  0.03153734 0.03153728 0.03153723 0.03153717
 0.03153712 0.03153706 0.031537   0.03153695 0.03153689 0.03153683
 0.03153678 0.03153672 0.03153667 0.03153661 0.03153655 0.0315365
 0.03153644 0.03153638 0.03153633 0.03153627 0.03153621 0.03153616
 0.0315361  0.03153604 0.03153599 0.03153593 0.03153587 0.03153582
 0.03153576 0.03153571 0.03153565 0.03153559 0.03153554 0.03153548
 0.03153542 0.03153537 0.03153531 0.03153525 0.0315352  0.03153514
 0.03153508 0.03153503 0.03153497 0.03153491 0.03153486 0.0315348
 0.03153474 0.03153469 0.03153463 0.03153457 0.03153452 0.03153446
 0.0315344  0.03153435 0.03153429 0.03153423 0.03153418 0.03153412
 0.03153406 0.03153401 0.03153395 0.03153389 0.03153384 0.03153378
 0.03153372 0.03153366 0.03153361 0.03153355 0.03153349 0.03153344
 0.03153338 0.03153332 0.03153327 0.03153321 0.03153315 0.0315331
 0.03153304 0.03153298 0.03153292 0.03153287 0.03153281 0.03153275
 0.0315327  0.03153264 0.03153258 0.03153253 0.03153247 0.03153241
 0.03153235 0.0315323  0.03153224 0.03153218 0.03153213 0.03153207
 0.03153201 0.03153195 0.0315319  0.03153184 0.03153178 0.03153173
 0.03153167 0.03153161 0.03153155 0.0315315  0.03153144 0.03153138
 0.03153133 0.03153127 0.03153121 0.03153115 0.0315311  0.03153104
 0.03153098 0.03153093 0.03153087 0.03153081 0.03153075 0.0315307
 0.03153064 0.03153058 0.03153052 0.03153047 0.03153041 0.03153035
 0.03153029 0.03153024 0.03153018 0.03153012 0.03153006 0.03153001
 0.03152995 0.03152989 0.03152983 0.03152978 0.03152972 0.03152966
 0.0315296  0.03152955 0.03152949 0.03152943 0.03152937 0.03152932
 0.03152926 0.0315292  0.03152914 0.03152909 0.03152903 0.03152897
 0.03152891 0.03152886 0.0315288  0.03152874 0.03152868 0.03152863
 0.03152857 0.03152851 0.03152845 0.0315284  0.03152834 0.03152828
 0.03152822 0.03152816 0.03152811 0.03152805 0.03152799 0.03152793
 0.03152788 0.03152782 0.03152776 0.0315277  0.03152764 0.03152759
 0.03152753 0.03152747 0.03152741 0.03152736 0.0315273  0.03152724
 0.03152718 0.03152712 0.03152707 0.03152701 0.03152695 0.03152689
 0.03152683 0.03152678 0.03152672 0.03152666 0.0315266  0.03152654
 0.03152649 0.03152643 0.03152637 0.03152631 0.03152625 0.0315262
 0.03152614 0.03152608 0.03152602 0.03152596 0.03152591 0.03152585
 0.03152579 0.03152573 0.03152567 0.03152562 0.03152556 0.0315255
 0.03152544 0.03152538 0.03152532 0.03152527 0.03152521 0.03152515
 0.03152509 0.03152503 0.03152498 0.03152492 0.03152486 0.0315248
 0.03152474 0.03152468 0.03152463 0.03152457 0.03152451 0.03152445
 0.03152439 0.03152433 0.03152428 0.03152422 0.03152416 0.0315241
 0.03152404 0.03152398 0.03152393 0.03152387 0.03152381 0.03152375
 0.03152369 0.03152363 0.03152358 0.03152352 0.03152346 0.0315234
 0.03152334 0.03152328 0.03152322 0.03152317 0.03152311 0.03152305
 0.03152299 0.03152293 0.03152287 0.03152282 0.03152276 0.0315227
 0.03152264 0.03152258 0.03152252 0.03152246 0.03152241 0.03152235
 0.03152229 0.03152223 0.03152217 0.03152211 0.03152205 0.03152199
 0.03152194 0.03152188 0.03152182 0.03152176 0.0315217  0.03152164
 0.03152158 0.03152152 0.03152147 0.03152141 0.03152135 0.03152129
 0.03152123 0.03152117 0.03152111 0.03152105 0.031521   0.03152094
 0.03152088 0.03152082 0.03152076 0.0315207  0.03152064 0.03152058
 0.03152052 0.03152047 0.03152041 0.03152035 0.03152029 0.03152023
 0.03152017 0.03152011 0.03152005 0.03151999 0.03151994 0.03151988
 0.03151982 0.03151976 0.0315197  0.03151964 0.03151958 0.03151952
 0.03151946 0.0315194  0.03151934 0.03151929 0.03151923 0.03151917
 0.03151911 0.03151905 0.03151899 0.03151893 0.03151887 0.03151881
 0.03151875 0.03151869 0.03151864 0.03151858 0.03151852 0.03151846
 0.0315184  0.03151834 0.03151828 0.03151822 0.03151816 0.0315181
 0.03151804 0.03151798 0.03151792 0.03151786 0.03151781 0.03151775
 0.03151769 0.03151763 0.03151757 0.03151751 0.03151745 0.03151739
 0.03151733 0.03151727 0.03151721 0.03151715 0.03151709 0.03151703
 0.03151697 0.03151691 0.03151686 0.0315168  0.03151674 0.03151668
 0.03151662 0.03151656 0.0315165  0.03151644 0.03151638 0.03151632
 0.03151626 0.0315162  0.03151614 0.03151608 0.03151602 0.03151596
 0.0315159  0.03151584 0.03151578 0.03151572 0.03151566 0.0315156
 0.03151555 0.03151549 0.03151543 0.03151537 0.03151531 0.03151525
 0.03151519 0.03151513 0.03151507 0.03151501 0.03151495 0.03151489
 0.03151483 0.03151477 0.03151471 0.03151465 0.03151459 0.03151453
 0.03151447 0.03151441 0.03151435 0.03151429 0.03151423 0.03151417
 0.03151411 0.03151405 0.03151399 0.03151393 0.03151387 0.03151381
 0.03151375 0.03151369 0.03151363 0.03151357]
