[-0.1992315  -0.19916449 -0.19909762 -0.1990309  -0.19896432 -0.1988979
 -0.19883162 -0.19876548 -0.1986995  -0.19863366 -0.19856796 -0.19850241
 -0.19843701 -0.19837175 -0.19830664 -0.19824167 -0.19817684 -0.19811216
 -0.19804763 -0.19798324 -0.19791899 -0.19785489 -0.19779092 -0.19772711
 -0.19766343 -0.1975999  -0.19753651 -0.19747326 -0.19741015 -0.19734718
 -0.19728436 -0.19722168 -0.19715913 -0.19709673 -0.19703447 -0.19697235
 -0.19691037 -0.19684853 -0.19678683 -0.19672526 -0.19666384 -0.19660256
 -0.19654141 -0.1964804  -0.19641953 -0.1963588  -0.19629821 -0.19623775
 -0.19617743 -0.19611725 -0.19605721 -0.1959973  -0.19593752 -0.19587789
 -0.19581839 -0.19575902 -0.19569979 -0.1956407  -0.19558174 -0.19552291
 -0.19546422 -0.19540567 -0.19534725 -0.19528896 -0.1952308  -0.19517278
 -0.19511489 -0.19505714 -0.19499952 -0.19494203 -0.19488467 -0.19482744
 -0.19477035 -0.19471338 -0.19465655 -0.19459985 -0.19454328 -0.19448684
 -0.19443053 -0.19437436 -0.19431831 -0.19426239 -0.1942066  -0.19415094
 -0.19409541 -0.19404    -0.19398473 -0.19392958 -0.19387457 -0.19381968
 -0.19376491 -0.19371028 -0.19365577 -0.19360139 -0.19354714 -0.19349301
 -0.19343901 -0.19338513 -0.19333138 -0.19327776 -0.19322426 -0.19317089
 -0.19311764 -0.19306451 -0.19301151 -0.19295864 -0.19290589 -0.19285326
 -0.19280075 -0.19274837 -0.19269611 -0.19264398 -0.19259197 -0.19254008
 -0.19248831 -0.19243666 -0.19238514 -0.19233373 -0.19228245 -0.19223129
 -0.19218025 -0.19212933 -0.19207853 -0.19202785 -0.19197729 -0.19192685
 -0.19187653 -0.19182633 -0.19177625 -0.19172628 -0.19167644 -0.19162671
 -0.1915771  -0.19152761 -0.19147823 -0.19142898 -0.19137984 -0.19133082
 -0.19128191 -0.19123312 -0.19118445 -0.19113589 -0.19108745 -0.19103912
 -0.19099091 -0.19094281 -0.19089483 -0.19084696 -0.19079921 -0.19075157
 -0.19070405 -0.19065664 -0.19060934 -0.19056216 -0.19051509 -0.19046813
 -0.19042128 -0.19037455 -0.19032793 -0.19028142 -0.19023502 -0.19018873
 -0.19014255 -0.19009649 -0.19005053 -0.19000469 -0.18995896 -0.18991333
 -0.18986782 -0.18982242 -0.18977712 -0.18973193 -0.18968686 -0.18964189
 -0.18959703 -0.18955228 -0.18950763 -0.1894631  -0.18941867 -0.18937435
 -0.18933013 -0.18928602 -0.18924202 -0.18919813 -0.18915434 -0.18911066
 -0.18906708 -0.18902361 -0.18898024 -0.18893698 -0.18889382 -0.18885077
 -0.18880782 -0.18876497 -0.18872223 -0.1886796  -0.18863706 -0.18859463
 -0.18855231 -0.18851008 -0.18846796 -0.18842594 -0.18838402 -0.1883422
 -0.18830049 -0.18825887 -0.18821736 -0.18817595 -0.18813464 -0.18809343
 -0.18805232 -0.18801131 -0.18797039 -0.18792958 -0.18788887 -0.18784826
 -0.18780774 -0.18776733 -0.18772701 -0.18768679 -0.18764667 -0.18760664
 -0.18756671 -0.18752688 -0.18748715 -0.18744752 -0.18740798 -0.18736853
 -0.18732918 -0.18728993 -0.18725078 -0.18721172 -0.18717275 -0.18713388
 -0.1870951  -0.18705642 -0.18701783 -0.18697934 -0.18694094 -0.18690264
 -0.18686442 -0.1868263  -0.18678827 -0.18675034 -0.1867125  -0.18667475
 -0.18663709 -0.18659952 -0.18656205 -0.18652466 -0.18648737 -0.18645017
 -0.18641306 -0.18637604 -0.18633911 -0.18630226 -0.18626551 -0.18622885
 -0.18619228 -0.18615579 -0.1861194  -0.18608309 -0.18604687 -0.18601074
 -0.1859747  -0.18593874 -0.18590287 -0.18586709 -0.1858314  -0.18579579
 -0.18576027 -0.18572483 -0.18568948 -0.18565422 -0.18561904 -0.18558395
 -0.18554894 -0.18551402 -0.18547918 -0.18544443 -0.18540976 -0.18537517
 -0.18534067 -0.18530625 -0.18527192 -0.18523766 -0.18520349 -0.18516941
 -0.1851354  -0.18510148 -0.18506764 -0.18503388 -0.1850002  -0.1849666
 -0.18493309 -0.18489965 -0.18486629 -0.18483302 -0.18479983 -0.18476671
 -0.18473367 -0.18470072 -0.18466784 -0.18463504 -0.18460232 -0.18456968
 -0.18453712 -0.18450463 -0.18447223 -0.1844399  -0.18440764 -0.18437547
 -0.18434337 -0.18431135 -0.1842794  -0.18424753 -0.18421574 -0.18418402
 -0.18415238 -0.18412081 -0.18408932 -0.1840579  -0.18402655 -0.18399528
 -0.18396409 -0.18393297 -0.18390192 -0.18387095 -0.18384004 -0.18380922
 -0.18377846 -0.18374778 -0.18371717 -0.18368663 -0.18365616 -0.18362576
 -0.18359544 -0.18356518 -0.183535   -0.18350489 -0.18347485 -0.18344488
 -0.18341497 -0.18338514 -0.18335538 -0.18332569 -0.18329606 -0.18326651
 -0.18323702 -0.1832076  -0.18317825 -0.18314897 -0.18311975 -0.18309061
 -0.18306153 -0.18303251 -0.18300357 -0.18297469 -0.18294587 -0.18291712
 -0.18288844 -0.18285983 -0.18283127 -0.18280279 -0.18277437 -0.18274601
 -0.18271772 -0.18268949 -0.18266133 -0.18263323 -0.18260519 -0.18257722
 -0.18254931 -0.18252146 -0.18249367 -0.18246595 -0.18243829 -0.18241069
 -0.18238316 -0.18235568 -0.18232827 -0.18230091 -0.18227362 -0.18224639
 -0.18221922 -0.18219211 -0.18216505 -0.18213806 -0.18211113 -0.18208426
 -0.18205744 -0.18203069 -0.18200399 -0.18197735 -0.18195077 -0.18192425
 -0.18189778 -0.18187137 -0.18184502 -0.18181873 -0.18179249 -0.18176631
 -0.18174018 -0.18171411 -0.1816881  -0.18166214 -0.18163624 -0.18161039
 -0.1815846  -0.18155886 -0.18153318 -0.18150755 -0.18148197 -0.18145645
 -0.18143098 -0.18140556 -0.1813802  -0.18135489 -0.18132963 -0.18130443
 -0.18127928 -0.18125418 -0.18122913 -0.18120413 -0.18117918 -0.18115429
 -0.18112944 -0.18110465 -0.1810799  -0.18105521 -0.18103056 -0.18100597
 -0.18098142 -0.18095692 -0.18093248 -0.18090808 -0.18088373 -0.18085942
 -0.18083517 -0.18081096 -0.1807868  -0.18076269 -0.18073862 -0.18071461
 -0.18069063 -0.18066671 -0.18064283 -0.180619   -0.18059521 -0.18057147
 -0.18054777 -0.18052412 -0.18050051 -0.18047694 -0.18045343 -0.18042995
 -0.18040652 -0.18038313 -0.18035979 -0.18033649 -0.18031323 -0.18029002
 -0.18026684 -0.18024371 -0.18022062 -0.18019758 -0.18017457 -0.18015161
 -0.18012869 -0.1801058  -0.18008296 -0.18006016 -0.1800374  -0.18001468
 -0.179992   -0.17996936 -0.17994675 -0.17992419 -0.17990167 -0.17987918
 -0.17985673 -0.17983432 -0.17981195 -0.17978962 -0.17976732 -0.17974506
 -0.17972284 -0.17970065 -0.1796785  -0.17965639 -0.17963431 -0.17961227
 -0.17959027 -0.1795683  -0.17954636 -0.17952446 -0.1795026  -0.17948076
 -0.17945897 -0.17943721 -0.17941548 -0.17939378 -0.17937212 -0.17935049
 -0.17932889 -0.17930733 -0.1792858  -0.1792643  -0.17924283 -0.1792214
 -0.17919999 -0.17917862 -0.17915728 -0.17913597 -0.17911468 -0.17909343
 -0.17907221 -0.17905102 -0.17902986 -0.17900873 -0.17898763 -0.17896656
 -0.17894551 -0.1789245  -0.17890351 -0.17888255 -0.17886162 -0.17884071
 -0.17881984 -0.17879899 -0.17877816 -0.17875737 -0.1787366  -0.17871585
 -0.17869514 -0.17867444 -0.17865378 -0.17863314 -0.17861252 -0.17859193
 -0.17857136 -0.17855082 -0.1785303  -0.17850981 -0.17848934 -0.17846889
 -0.17844847 -0.17842806 -0.17840769 -0.17838733 -0.178367   -0.17834669
 -0.1783264  -0.17830613 -0.17828588 -0.17826566 -0.17824545 -0.17822527
 -0.17820511 -0.17818496 -0.17816484 -0.17814474 -0.17812466 -0.17810459
 -0.17808455 -0.17806452 -0.17804451 -0.17802452 -0.17800455 -0.1779846
 -0.17796466 -0.17794475 -0.17792485 -0.17790496 -0.1778851  -0.17786525
 -0.17784541 -0.1778256  -0.17780579 -0.17778601 -0.17776624 -0.17774648
 -0.17772674 -0.17770702 -0.1776873  -0.17766761 -0.17764793 -0.17762826
 -0.1776086  -0.17758896 -0.17756933 -0.17754972 -0.17753011 -0.17751052
 -0.17749094 -0.17747138 -0.17745182 -0.17743228 -0.17741275 -0.17739323
 -0.17737372 -0.17735422 -0.17733473 -0.17731525 -0.17729578 -0.17727632
 -0.17725687 -0.17723743 -0.177218   -0.17719858 -0.17717917 -0.17715976
 -0.17714036 -0.17712097 -0.17710159 -0.17708222 -0.17706285 -0.17704349
 -0.17702414 -0.17700479 -0.17698545 -0.17696612 -0.17694679 -0.17692746
 -0.17690815 -0.17688883 -0.17686953 -0.17685022 -0.17683092 -0.17681163
 -0.17679234 -0.17677305 -0.17675377 -0.17673449 -0.17671521 -0.17669594
 -0.17667667 -0.1766574  -0.17663813 -0.17661887 -0.17659961 -0.17658034
 -0.17656108 -0.17654183 -0.17652257 -0.17650331 -0.17648405 -0.17646479
 -0.17644554 -0.17642628 -0.17640702 -0.17638776 -0.1763685  -0.17634924
 -0.17632998 -0.17631071 -0.17629144 -0.17627217 -0.1762529  -0.17623363
 -0.17621435 -0.17619507 -0.17617579 -0.1761565  -0.17613721 -0.17611792
 -0.17609862 -0.17607931 -0.17606001 -0.17604069 -0.17602137 -0.17600205
 -0.17598272 -0.17596339 -0.17594404 -0.1759247  -0.17590534 -0.17588598
 -0.17586661 -0.17584724 -0.17582786 -0.17580847 -0.17578907 -0.17576966
 -0.17575025 -0.17573082 -0.17571139 -0.17569195 -0.1756725  -0.17565304
 -0.17563357 -0.17561409 -0.1755946  -0.1755751  -0.17555559 -0.17553607
 -0.17551654 -0.17549699 -0.17547744 -0.17545787 -0.17543829 -0.1754187
 -0.17539909 -0.17537948 -0.17535985 -0.1753402  -0.17532055 -0.17530088
 -0.17528119 -0.17526149 -0.17524178 -0.17522205 -0.17520231 -0.17518256
 -0.17516278 -0.175143   -0.17512319 -0.17510337 -0.17508354 -0.17506369
 -0.17504382 -0.17502393 -0.17500403 -0.17498411 -0.17496418 -0.17494422
 -0.17492425 -0.17490426 -0.17488425 -0.17486422 -0.17484417 -0.17482411
 -0.17480402 -0.17478392 -0.17476379 -0.17474365 -0.17472348 -0.1747033
 -0.17468309 -0.17466286 -0.17464261 -0.17462234 -0.17460205 -0.17458174
 -0.1745614  -0.17454104 -0.17452066 -0.17450026 -0.17447983 -0.17445939
 -0.17443891 -0.17441842 -0.17439789 -0.17437735 -0.17435678 -0.17433619
 -0.17431557 -0.17429492 -0.17427426 -0.17425356 -0.17423284 -0.17421209
 -0.17419132 -0.17417052 -0.1741497  -0.17412884 -0.17410796 -0.17408706
 -0.17406612 -0.17404516 -0.17402417 -0.17400315 -0.1739821  -0.17396103
 -0.17393992 -0.17391879 -0.17389762 -0.17387643 -0.17385521 -0.17383395
 -0.17381267 -0.17379136 -0.17377001 -0.17374864 -0.17372723 -0.17370579
 -0.17368432 -0.17366282 -0.17364128 -0.17361971 -0.17359811 -0.17357648
 -0.17355482 -0.17353312 -0.17351138 -0.17348962 -0.17346782 -0.17344598
 -0.17342411 -0.17340221 -0.17338027 -0.1733583  -0.17333629 -0.17331424
 -0.17329216 -0.17327005 -0.17324789 -0.1732257  -0.17320348 -0.17318121
 -0.17315891 -0.17313658 -0.1731142  -0.17309179 -0.17306934 -0.17304685
 -0.17302432 -0.17300175 -0.17297914 -0.1729565  -0.17293381 -0.17291109
 -0.17288832 -0.17286552 -0.17284267 -0.17281979 -0.17279686 -0.17277389
 -0.17275088 -0.17272783 -0.17270474 -0.1726816  -0.17265843 -0.17263521
 -0.17261194 -0.17258864 -0.17256529 -0.1725419  -0.17251846 -0.17249498
 -0.17247146 -0.17244789 -0.17242428 -0.17240062 -0.17237692 -0.17235318
 -0.17232938 -0.17230554 -0.17228166 -0.17225773 -0.17223375 -0.17220973
 -0.17218566 -0.17216154 -0.17213738 -0.17211317 -0.17208891 -0.1720646
 -0.17204024 -0.17201584 -0.17199139 -0.17196688 -0.17194233 -0.17191773
 -0.17189308 -0.17186838 -0.17184363 -0.17181883 -0.17179398 -0.17176908
 -0.17174413 -0.17171913 -0.17169407 -0.17166897 -0.17164381 -0.1716186
 -0.17159333 -0.17156802 -0.17154265 -0.17151723 -0.17149176 -0.17146623
 -0.17144065 -0.17141501 -0.17138932 -0.17136358 -0.17133778 -0.17131193
 -0.17128602 -0.17126006 -0.17123404 -0.17120796 -0.17118183 -0.17115564
 -0.1711294  -0.1711031  -0.17107674 -0.17105033 -0.17102386 -0.17099733
 -0.17097074 -0.1709441  -0.17091739 -0.17089063 -0.17086381 -0.17083693
 -0.17080999 -0.17078299 -0.17075594 -0.17072882 -0.17070164 -0.1706744
 -0.17064711 -0.17061975 -0.17059233 -0.17056484 -0.1705373  -0.1705097
 -0.17048203 -0.1704543  -0.17042651 -0.17039865 -0.17037074 -0.17034276
 -0.17031471 -0.17028661 -0.17025844 -0.1702302  -0.1702019  -0.17017354
 -0.17014511 -0.17011662 -0.17008806 -0.17005944 -0.17003075 -0.170002
 -0.16997318 -0.16994429 -0.16991533 -0.16988631 -0.16985723 -0.16982807
 -0.16979885 -0.16976956 -0.1697402  -0.16971078 -0.16968128 -0.16965172
 -0.16962209 -0.16959239 -0.16956262 -0.16953278 -0.16950287 -0.16947289
 -0.16944285 -0.16941273 -0.16938254 -0.16935228 -0.16932194 -0.16929154
 -0.16926107 -0.16923052 -0.1691999  -0.16916921 -0.16913845 -0.16910761
 -0.1690767  -0.16904572 -0.16901466 -0.16898354 -0.16895233 -0.16892106
 -0.1688897  -0.16885828 -0.16882678 -0.1687952  -0.16876355 -0.16873183
 -0.16870002 -0.16866815 -0.16863619 -0.16860416 -0.16857206 -0.16853987
 -0.16850761 -0.16847527 -0.16844286 -0.16841037 -0.16837779 -0.16834514
 -0.16831242 -0.16827961 -0.16824673 -0.16821376 -0.16818072 -0.16814759
 -0.16811439 -0.16808111 -0.16804775 -0.1680143 ]
111[0.03098317 0.0309818  0.03098044 0.03097908 0.03097773 0.03097639
 0.03097506 0.03097373 0.03097241 0.03097109 0.03096979 0.03096849
 0.0309672  0.03096592 0.03096464 0.03096337 0.03096211 0.03096085
 0.0309596  0.03095836 0.03095713 0.0309559  0.03095469 0.03095347
 0.03095227 0.03095107 0.03094988 0.0309487  0.03094752 0.03094635
 0.03094519 0.03094404 0.03094289 0.03094175 0.03094061 0.03093949
 0.03093837 0.03093725 0.03093615 0.03093505 0.03093396 0.03093287
 0.0309318  0.03093072 0.03092966 0.0309286  0.03092755 0.03092651
 0.03092547 0.03092444 0.03092342 0.03092241 0.0309214  0.0309204
 0.0309194  0.03091841 0.03091743 0.03091646 0.03091549 0.03091453
 0.03091357 0.03091262 0.03091168 0.03091075 0.03090982 0.0309089
 0.03090799 0.03090708 0.03090618 0.03090528 0.0309044  0.03090352
 0.03090264 0.03090177 0.03090091 0.03090006 0.03089921 0.03089837
 0.03089754 0.03089671 0.03089589 0.03089507 0.03089426 0.03089346
 0.03089267 0.03089188 0.0308911  0.03089032 0.03088955 0.03088879
 0.03088803 0.03088728 0.03088654 0.0308858  0.03088507 0.03088435
 0.03088363 0.03088292 0.03088221 0.03088151 0.03088082 0.03088013
 0.03087945 0.03087878 0.03087811 0.03087745 0.0308768  0.03087615
 0.03087551 0.03087487 0.03087424 0.03087362 0.030873   0.03087239
 0.03087179 0.03087119 0.03087059 0.03087001 0.03086943 0.03086885
 0.03086829 0.03086772 0.03086717 0.03086662 0.03086608 0.03086554
 0.03086501 0.03086448 0.03086396 0.03086345 0.03086294 0.03086244
 0.03086195 0.03086146 0.03086097 0.0308605  0.03086003 0.03085956
 0.0308591  0.03085865 0.0308582  0.03085776 0.03085732 0.03085689
 0.03085647 0.03085605 0.03085564 0.03085523 0.03085483 0.03085444
 0.03085405 0.03085367 0.03085329 0.03085292 0.03085255 0.03085219
 0.03085184 0.03085149 0.03085115 0.03085081 0.03085048 0.03085015
 0.03084983 0.03084952 0.03084921 0.03084891 0.03084861 0.03084832
 0.03084803 0.03084775 0.03084748 0.03084721 0.03084695 0.03084669
 0.03084644 0.03084619 0.03084595 0.03084571 0.03084548 0.03084526
 0.03084504 0.03084482 0.03084462 0.03084441 0.03084422 0.03084402
 0.03084384 0.03084366 0.03084348 0.03084331 0.03084314 0.03084299
 0.03084283 0.03084268 0.03084254 0.0308424  0.03084227 0.03084214
 0.03084202 0.0308419  0.03084179 0.03084168 0.03084158 0.03084149
 0.0308414  0.03084131 0.03084123 0.03084116 0.03084109 0.03084102
 0.03084096 0.03084091 0.03084086 0.03084082 0.03084078 0.03084074
 0.03084072 0.03084069 0.03084067 0.03084066 0.03084065 0.03084065
 0.03084065 0.03084066 0.03084067 0.03084069 0.03084071 0.03084074
 0.03084077 0.03084081 0.03084085 0.0308409  0.03084095 0.03084101
 0.03084107 0.03084113 0.03084121 0.03084128 0.03084136 0.03084145
 0.03084154 0.03084164 0.03084174 0.03084184 0.03084196 0.03084207
 0.03084219 0.03084232 0.03084245 0.03084258 0.03084272 0.03084286
 0.03084301 0.03084317 0.03084332 0.03084349 0.03084365 0.03084383
 0.030844   0.03084419 0.03084437 0.03084456 0.03084476 0.03084496
 0.03084516 0.03084537 0.03084559 0.03084581 0.03084603 0.03084626
 0.03084649 0.03084673 0.03084697 0.03084721 0.03084746 0.03084772
 0.03084798 0.03084824 0.03084851 0.03084878 0.03084906 0.03084934
 0.03084963 0.03084992 0.03085021 0.03085051 0.03085081 0.03085112
 0.03085143 0.03085175 0.03085207 0.0308524  0.03085273 0.03085306
 0.0308534  0.03085374 0.03085409 0.03085444 0.0308548  0.03085515
 0.03085552 0.03085589 0.03085626 0.03085664 0.03085702 0.0308574
 0.03085779 0.03085818 0.03085858 0.03085898 0.03085939 0.0308598
 0.03086021 0.03086063 0.03086105 0.03086148 0.03086191 0.03086234
 0.03086278 0.03086322 0.03086367 0.03086412 0.03086457 0.03086503
 0.03086549 0.03086596 0.03086643 0.0308669  0.03086738 0.03086786
 0.03086835 0.03086884 0.03086933 0.03086983 0.03087033 0.03087083
 0.03087134 0.03087185 0.03087237 0.03087289 0.03087342 0.03087394
 0.03087448 0.03087501 0.03087555 0.03087609 0.03087664 0.03087719
 0.03087775 0.0308783  0.03087887 0.03087943 0.03088    0.03088057
 0.03088115 0.03088173 0.03088231 0.0308829  0.03088349 0.03088409
 0.03088469 0.03088529 0.03088589 0.0308865  0.03088711 0.03088773
 0.03088835 0.03088897 0.0308896  0.03089023 0.03089086 0.0308915
 0.03089214 0.03089278 0.03089343 0.03089408 0.03089474 0.03089539
 0.03089606 0.03089672 0.03089739 0.03089806 0.03089873 0.03089941
 0.03090009 0.03090078 0.03090147 0.03090216 0.03090285 0.03090355
 0.03090425 0.03090496 0.03090566 0.03090637 0.03090709 0.03090781
 0.03090853 0.03090925 0.03090998 0.03091071 0.03091144 0.03091218
 0.03091292 0.03091366 0.03091441 0.03091516 0.03091591 0.03091666
 0.03091742 0.03091818 0.03091895 0.03091972 0.03092049 0.03092126
 0.03092204 0.03092282 0.0309236  0.03092438 0.03092517 0.03092597
 0.03092676 0.03092756 0.03092836 0.03092916 0.03092997 0.03093078
 0.03093159 0.0309324  0.03093322 0.03093404 0.03093487 0.03093569
 0.03093652 0.03093736 0.03093819 0.03093903 0.03093987 0.03094071
 0.03094156 0.03094241 0.03094326 0.03094411 0.03094497 0.03094583
 0.03094669 0.03094756 0.03094843 0.0309493  0.03095017 0.03095105
 0.03095192 0.03095281 0.03095369 0.03095458 0.03095547 0.03095636
 0.03095725 0.03095815 0.03095905 0.03095995 0.03096085 0.03096176
 0.03096267 0.03096358 0.0309645  0.03096541 0.03096633 0.03096726
 0.03096818 0.03096911 0.03097004 0.03097097 0.0309719  0.03097284
 0.03097378 0.03097472 0.03097566 0.03097661 0.03097756 0.03097851
 0.03097946 0.03098042 0.03098137 0.03098233 0.0309833  0.03098426
 0.03098523 0.0309862  0.03098717 0.03098814 0.03098912 0.0309901
 0.03099108 0.03099206 0.03099304 0.03099403 0.03099502 0.03099601
 0.030997   0.030998   0.030999   0.03099999 0.031001   0.031002
 0.03100301 0.03100401 0.03100502 0.03100604 0.03100705 0.03100807
 0.03100908 0.0310101  0.03101113 0.03101215 0.03101318 0.0310142
 0.03101523 0.03101627 0.0310173  0.03101833 0.03101937 0.03102041
 0.03102145 0.0310225  0.03102354 0.03102459 0.03102564 0.03102669
 0.03102774 0.03102879 0.03102985 0.03103091 0.03103197 0.03103303
 0.03103409 0.03103516 0.03103622 0.03103729 0.03103836 0.03103943
 0.03104051 0.03104158 0.03104266 0.03104374 0.03104482 0.0310459
 0.03104698 0.03104807 0.03104915 0.03105024 0.03105133 0.03105242
 0.03105352 0.03105461 0.03105571 0.0310568  0.0310579  0.031059
 0.03106011 0.03106121 0.03106232 0.03106342 0.03106453 0.03106564
 0.03106675 0.03106786 0.03106898 0.03107009 0.03107121 0.03107233
 0.03107345 0.03107457 0.03107569 0.03107681 0.03107794 0.03107906
 0.03108019 0.03108132 0.03108245 0.03108358 0.03108471 0.03108585
 0.03108698 0.03108812 0.03108926 0.03109039 0.03109153 0.03109268
 0.03109382 0.03109496 0.03109611 0.03109725 0.0310984  0.03109955
 0.0311007  0.03110185 0.031103   0.03110415 0.0311053  0.03110646
 0.03110762 0.03110877 0.03110993 0.03111109 0.03111225 0.03111341
 0.03111457 0.03111573 0.0311169  0.03111806 0.03111923 0.0311204
 0.03112156 0.03112273 0.0311239  0.03112507 0.03112624 0.03112742
 0.03112859 0.03112976 0.03113094 0.03113211 0.03113329 0.03113447
 0.03113564 0.03113682 0.031138   0.03113918 0.03114037 0.03114155
 0.03114273 0.03114391 0.0311451  0.03114628 0.03114747 0.03114865
 0.03114984 0.03115103 0.03115222 0.03115341 0.0311546  0.03115579
 0.03115698 0.03115817 0.03115936 0.03116055 0.03116175 0.03116294
 0.03116413 0.03116533 0.03116652 0.03116772 0.03116892 0.03117011
 0.03117131 0.03117251 0.03117371 0.03117491 0.0311761  0.0311773
 0.0311785  0.0311797  0.03118091 0.03118211 0.03118331 0.03118451
 0.03118571 0.03118692 0.03118812 0.03118932 0.03119053 0.03119173
 0.03119293 0.03119414 0.03119534 0.03119655 0.03119776 0.03119896
 0.03120017 0.03120137 0.03120258 0.03120379 0.03120499 0.0312062
 0.03120741 0.03120861 0.03120982 0.03121103 0.03121224 0.03121345
 0.03121465 0.03121586 0.03121707 0.03121828 0.03121949 0.03122069
 0.0312219  0.03122311 0.03122432 0.03122553 0.03122674 0.03122795
 0.03122915 0.03123036 0.03123157 0.03123278 0.03123399 0.0312352
 0.0312364  0.03123761 0.03123882 0.03124003 0.03124124 0.03124244
 0.03124365 0.03124486 0.03124607 0.03124727 0.03124848 0.03124969
 0.03125089 0.0312521  0.0312533  0.03125451 0.03125572 0.03125692
 0.03125813 0.03125933 0.03126053 0.03126174 0.03126294 0.03126415
 0.03126535 0.03126655 0.03126775 0.03126896 0.03127016 0.03127136
 0.03127256 0.03127376 0.03127496 0.03127616 0.03127736 0.03127856
 0.03127976 0.03128095 0.03128215 0.03128335 0.03128454 0.03128574
 0.03128693 0.03128813 0.03128932 0.03129052 0.03129171 0.0312929
 0.03129409 0.03129529 0.03129648 0.03129767 0.03129886 0.03130004
 0.03130123 0.03130242 0.03130361 0.03130479 0.03130598 0.03130716
 0.03130835 0.03130953 0.03131071 0.0313119  0.03131308 0.03131426
 0.03131544 0.03131662 0.03131779 0.03131897 0.03132015 0.03132132
 0.0313225  0.03132367 0.03132484 0.03132602 0.03132719 0.03132836
 0.03132953 0.03133069 0.03133186 0.03133303 0.03133419 0.03133536
 0.03133652 0.03133769 0.03133885 0.03134001 0.03134117 0.03134233
 0.03134348 0.03134464 0.0313458  0.03134695 0.0313481  0.03134926
 0.03135041 0.03135156 0.03135271 0.03135386 0.031355   0.03135615
 0.03135729 0.03135844 0.03135958 0.03136072 0.03136186 0.031363
 0.03136413 0.03136527 0.03136641 0.03136754 0.03136867 0.0313698
 0.03137093 0.03137206 0.03137319 0.03137431 0.03137544 0.03137656
 0.03137768 0.0313788  0.03137992 0.03138104 0.03138216 0.03138327
 0.03138439 0.0313855  0.03138661 0.03138772 0.03138882 0.03138993
 0.03139104 0.03139214 0.03139324 0.03139434 0.03139544 0.03139654
 0.03139763 0.03139873 0.03139982 0.03140091 0.031402   0.03140309
 0.03140418 0.03140526 0.03140634 0.03140742 0.0314085  0.03140958
 0.03141066 0.03141173 0.03141281 0.03141388 0.03141495 0.03141602
 0.03141708 0.03141815 0.03141921 0.03142027 0.03142133 0.03142239
 0.03142344 0.0314245  0.03142555 0.0314266  0.03142765 0.03142869
 0.03142974 0.03143078 0.03143182 0.03143286 0.0314339  0.03143493
 0.03143597 0.031437   0.03143803 0.03143906 0.03144008 0.03144111
 0.03144213 0.03144315 0.03144416 0.03144518 0.03144619 0.03144721
 0.03144822 0.03144922 0.03145023 0.03145123 0.03145223 0.03145323
 0.03145423 0.03145522 0.03145622 0.03145721 0.0314582  0.03145918
 0.03146017 0.03146115 0.03146213 0.03146311 0.03146408 0.03146505
 0.03146602 0.03146699 0.03146796 0.03146892 0.03146989 0.03147085
 0.0314718  0.03147276 0.03147371 0.03147466 0.03147561 0.03147655
 0.0314775  0.03147844 0.03147938 0.03148031 0.03148125 0.03148218
 0.03148311 0.03148403 0.03148496 0.03148588 0.0314868  0.03148771
 0.03148863 0.03148954 0.03149045 0.03149136 0.03149226 0.03149316
 0.03149406 0.03149496 0.03149585 0.03149674 0.03149763 0.03149852
 0.0314994  0.03150028 0.03150116 0.03150203 0.03150291 0.03150378
 0.03150464 0.03150551 0.03150637 0.03150723 0.03150809 0.03150894
 0.03150979 0.03151064 0.03151149 0.03151233 0.03151317 0.03151401
 0.03151484 0.03151567 0.0315165  0.03151733 0.03151815 0.03151897
 0.03151979 0.0315206  0.03152142 0.03152222 0.03152303 0.03152383
 0.03152463 0.03152543 0.03152622 0.03152702 0.0315278  0.03152859
 0.03152937 0.03153015 0.03153093 0.0315317  0.03153247 0.03153324
 0.031534   0.03153476 0.03153552 0.03153627 0.03153703 0.03153777
 0.03153852 0.03153926 0.03154    0.03154074]
